Version 0.9.7
5
 4 10 175 77 128 0 1
 5 80 400 206 81 2 2
 0 147 135 877 276 8 3
 1 237 15 206 81 140 4
 3 1042 259 203 58 150 5
 0
25
 16711680 5 71 189 71 189 71 149 71 149 200 149 200 149 0 1 0 3
 16711680 5 71 288 71 288 71 383 71 383 200 383 200 383 0 1 0 3
 16711680 5 252 84 252 84 144 84 144 383 213 383 213 383 0 4 0 3
 16711680 5 252 26 252 26 213 26 213 26 213 149 213 149 0 4 0 3
 16711680 5 239 240 239 240 239 240 239 149 239 149 239 149 0 3 0 3
 16711680 5 317 305 317 305 317 305 317 383 317 383 317 383 0 3 0 3
 16711680 5 499 240 499 240 499 240 499 149 499 149 499 149 0 3 0 3
 16711680 5 577 305 577 305 577 305 577 383 577 383 577 383 0 3 0 3
 16711680 5 746 240 746 240 746 240 746 149 746 149 746 149 0 3 0 3
 16711680 5 824 305 824 305 824 305 824 383 824 383 824 383 0 3 0 3
 16711680 5 1053 296 1053 296 1053 383 1053 383 967 383 967 383 0 5 0 3
 16711680 5 293 26 293 26 257 26 257 262 499 262 499 305 0 4 0 3
 16711680 5 312 26 307 26 307 321 512 321 512 305 512 305 0 4 0 3
 16711680 5 525 305 525 305 525 300 538 300 538 305 538 305 0 3 0 3
 16711680 5 331 26 325 26 325 341 551 341 551 305 551 305 0 4 0 3
 16711680 5 564 305 564 305 564 305 746 305 746 305 746 305 0 3 0 3
 16711680 5 293 39 293 39 293 247 512 247 512 240 512 240 0 4 0 3
 16711680 5 331 39 331 39 316 39 316 240 525 240 525 240 0 4 0 3
 16711680 5 538 240 538 240 538 251 759 251 759 305 759 305 0 3 0 3
 16711680 5 772 305 772 305 772 305 785 305 785 305 785 305 0 3 0 3
 16711680 5 331 52 331 52 341 52 341 227 551 227 551 227 0 4 0 3
 16711680 5 350 26 350 26 239 26 239 26 239 305 239 305 0 4 0 3
 16711680 5 252 305 252 305 564 305 564 305 564 227 564 227 0 3 0 3
 16711680 5 577 227 577 227 798 227 798 227 798 305 798 305 0 3 0 3
 16711680 5 811 305 811 305 1088 305 1088 305 1088 303 1088 303 0 3 0 5
3
 7008 1 14 493 253 5 0 0 0 3
 7032 1 14 740 253 5 0 0 0 3
 7004 1 14 233 253 5 0 0 0 3
